acf 25594363 6 400 5000
ABJ 41919439 28 24 1
AAN 108424611 1898 2243 2168
aak 14477500 0 22 3
abg 16945720 225 324 4549
aah 10049632 20 44 2
abd 8854462 2 46 0
AAE 9105272 2 1 4859
ABA 398991185 97 434 48
ab9 12935042 54 120 2285
aab 8166742 0 40 1
ab6 8760642 1 1 0
Aa_ 15942692 7 23 2
acy 6413862 925 1084 79313
AB3 17034098 0 3 2
AA7 28902247 2 3 0
acv 293317780 35 53 69
ab0 15835001 14 58 21
abz 6996682 0 40 0
aa4 25560249 0 1 0
acs 2501061 0 140 0
abw 10671942 5 11 5
Aa1 6615322 0 9 1
acp 10219552 850 170 2921
aax 14933128 153 197 4325
abt 702413 28 83 88
ACM 1914321 2 46 1
aau 249465175 0 19 0
ABQ 2553801 0 1089 21
ACJ 5050911 495 145 1057
aar 183532966 10 19 6
abn 280012062 0 34 0
acg 6071532 185 182 373
abk 4858681 998 1544 65184
AAO 131387833 5 20 3
acd 772884 314 159 2784
abh 14469582 60 45 6
aal 5562052 3 65 3
aca 7603322 0 122 0
abe 417406348 8 173 25
aai 11326202 188 680 5700
abb 4518221 158 110 621
AAF 108416848 2004 2340 2433
ab_ 23768657 147 128 118
aac 50099694 380 895 6331
ab7 17492936 81 36 380
acz 7005612 87 100 350
ab4 16020074 13 6 7
aa8 24961587 56 12 172
ACW 1878841 3 2 11
Ab1 6668192 0 12 0
aa5 25206387 1 3 1
ACT 18092584 0 2 4
ABx 14079838 14 7 37
AA2 14568038 254 26 84
ACQ 365215233 0 4 0
Abu 308795950 0 164 54
aay 15305389 0 20 0
acn 271404792 0 112 0
aav 12020912 69 163 185
abr 131428902 0 16 1
ack 2756291 406 489 737
AAS 3328631 258 9950 9533
abo 7993632 21 1 4
ACH 25576043 3 35 15
aap 104098039 20 39 0
AbL 482877782 130 18 6
ace 68183 112 373 127
aam 8394542 0 92 2
Abi 350173 0 0 0
acb 1669901 0 0 0
AAJ 14076339 120 199 92
abf 2492681 17 87 17
ABC 28785486 600 1840792 50096
aag 23975668 3 34 3
AAD 1163701 82 57 108
Ab8 135366203 2 4 2
aaa 2999191 206 1432 2097
Ab5 17794697 0 1 1
aa9 26314231 9 3 4
acx 14212455 3 12 8
ab2 15594350 149 52 153
AA6 20130565 0 2 22
ACU 7233602 110 133 514
aby 16067166 9793 9725 1694
aa3 14641860 2 16 5
acr 5991 4 66 122
abv 25568519 19 19 3
aaz 8435942 0 12 2
ACO 142348530 167 506 2374
abs 13074702 188 437 593
Aaw 14524150 0 14 2
ACL 29061870 273 1180 5755
abp 21601337 143 67 115
aat 13300802 6 28 1
aci 2233731 60 101 474
abm 8396312 476 364 3231
aaq 15305382 1 9 1
===========================
ab9 12935042 54 120 2285
aab 8166742 0 40 1
ab6 8760642 1 1 0
Aa_ 15942692 7 23 2
acy 6413862 925 1084 79315
AB3 17034098 0 3 2
AA7 28902247 2 3 0
acv 293317780 35 53 69
ab0 15835001 14 58 21
abz 6996682 0 40 0
aa4 25560249 0 1 0
acs 2501061 0 140 0
abw 10671942 5 11 5
Aa1 6615322 0 9 1
acp 10219552 850 170 2921
abt 702413 28 83 88
aax 14933128 153 197 4325
ACM 1914321 2 46 1
ABQ 2553801 0 1089 21
aau 249465175 0 19 0
ACJ 5050911 495 145 1057
abn 280012062 0 34 0
aar 183532966 10 19 6
acg 6071532 185 182 373
abk 4858681 998 1544 65184
AAO 131387833 5 20 3
acd 772884 314 159 2784
abh 14469582 60 45 6
aal 5562052 3 65 3
aca 7603322 0 122 0
aai 11326202 188 680 5700
abe 417406348 8 173 25
AAF 108416848 2004 2340 2433
abb 4518221 158 110 621
ab_ 23768657 147 128 118
aac 50099694 380 895 6331
ab7 17492936 81 36 380
acz 7005612 87 100 350
ab4 16020074 13 6 7
aa8 24961587 56 12 172
ACW 1878841 3 2 11
Ab1 6668192 0 12 0
aa5 25206387 1 3 1
ACT 18092584 0 2 4
ABx 14079838 14 7 37
AA2 14568038 254 26 84
ACQ 365215233 0 4 0
Abu 308795950 0 164 54
aay 15305389 0 20 0
acn 271404792 0 112 0
aav 12020912 69 163 185
abr 131428902 0 16 1
ack 2756291 406 489 737
AAS 3328631 258 9953 9532
abo 7993632 21 1 4
ACH 25576043 3 35 15
aap 104098039 20 39 0
AbL 482877782 130 18 6
ace 68183 112 373 127
Abi 350173 0 0 0
aam 8394542 0 92 2
acb 1669901 0 0 0
abf 2492681 17 87 17
AAJ 14076339 120 199 92
ABC 28785486 600 1840792 50096
aag 23975668 3 34 3
AAD 1163701 82 57 108
Ab8 135366203 2 4 2
aaa 2999191 206 1432 2097
Ab5 17794697 0 1 1
aa9 26314231 9 3 4
acx 14212455 3 12 8
ab2 15594350 149 52 153
AA6 20130565 0 2 22
ACU 7233602 110 133 514
aby 16067166 9793 9725 1694
aa3 14641860 2 16 5
acr 5991 4 66 122
abv 25568519 19 19 3
aaz 8435942 0 12 2
ACO 142348530 167 506 2374
abs 13074702 188 437 593
Aaw 14524150 0 14 2
ACL 29061870 273 1180 5755
aat 13300802 6 28 1
abp 21601337 143 67 115
aci 2233731 60 101 474
aaq 15305382 1 9 1
abm 8396312 476 364 3231
acf 25594363 6 400 5000
AAN 108424611 1898 2243 2168
ABJ 41919439 28 24 1
aak 14477500 0 22 3
abg 16945720 225 324 4549
aah 10049632 20 44 2
abd 8854462 2 46 0
ABA 398991185 97 434 48
AAE 9105272 2 1 4859
===========================
acg 6071532 185 182 373
abk 4858681 998 1544 65184
Aa_ 15942692 7 23 2
acd 772884 314 159 2784
AA7 28902247 2 3 0
abh 14469582 60 45 6
aca 7603322 0 122 0
aa4 25560249 0 1 0
abe 417406348 8 173 25
Aa1 6615322 0 9 1
abb 4518221 158 110 621
ab_ 23768657 147 128 118
aax 14933128 153 197 4325
ab7 17492936 81 36 380
aau 249465175 0 19 0
acz 7005612 87 100 350
ab4 16020074 13 6 7
aar 183532966 10 19 6
ACW 1878841 3 2 11
Ab1 6668192 0 12 0
AAO 131387833 5 20 3
ACT 18092584 0 2 4
ABx 14079838 14 7 37
aal 5562052 3 65 3
ACQ 365215233 0 4 0
Abu 308795950 0 164 54
aai 11326202 188 680 5700
acn 271404792 0 112 0
abr 131428902 0 16 1
AAF 108416848 2004 2340 2433
ack 2756291 406 489 737
abo 7993632 21 1 4
aac 50099694 380 895 6331
ACH 25576043 3 35 15
AbL 482877782 130 18 6
ace 68183 112 373 127
aa8 24961587 56 12 172
Abi 350173 0 0 0
acb 1669901 0 0 0
abf 2492681 17 87 17
aa5 25206387 1 3 1
ABC 28785486 600 1840798 50096
AA2 14568038 254 26 84
aay 15305389 0 20 0
Ab8 135366203 2 4 2
aav 12020912 69 163 185
Ab5 17794697 0 1 1
AAS 3328631 258 9953 9532
acx 14212455 3 12 8
ab2 15594350 149 52 153
aap 104098039 20 39 0
ACU 7233602 110 133 514
aby 16067166 9793 9725 1694
aam 8394542 0 92 2
acr 5991 4 66 122
abv 25568519 19 19 3
AAJ 14076339 120 199 92
ACO 142348530 167 506 2374
abs 13074702 188 437 593
aag 23975668 3 34 3
ACL 29061870 273 1180 5755
AAD 1163701 82 57 108
abp 21601337 143 67 115
aci 2233731 60 101 474
aaa 2999191 206 1432 2097
abm 8396312 476 364 3231
acf 25594363 6 400 5000
aa9 26314231 9 3 4
ABJ 41919439 28 24 1
AA6 20130565 0 2 22
abg 16945720 225 325 4549
aa3 14641860 2 16 5
abd 8854462 2 46 0
aaz 8435942 0 12 2
ABA 398991185 97 434 48
ab9 12935042 54 120 2285
Aaw 14524150 0 14 2
ab6 8760642 1 1 0
aat 13300802 6 28 1
acy 6413862 925 1084 79316
AB3 17034098 0 3 2
aaq 15305382 1 9 1
acv 293317780 35 53 69
ab0 15835001 14 58 21
abz 6996682 0 40 0
AAN 108424611 1898 2243 2168
acs 2501061 0 140 0
abw 10671942 5 11 5
aak 14477500 0 22 3
acp 10219552 850 170 2921
abt 702413 28 83 88
aah 10049632 20 44 2
ACM 1914321 2 46 1
ABQ 2553801 0 1089 21
AAE 9105272 2 1 4859
ACJ 5050911 495 145 1057
abn 280012062 0 34 0
aab 8166742 0 40 1
===========================
===========================
===========================
===========================
===========================
===========================
===========================
AAD 1163701 82 56 108
Ab8 135366203 2 4 2
aaa 2999191 206 1432 2097
Ab5 17794697 0 1 1
aa9 26314231 9 3 4
acx 14212455 3 12 8
ab2 15594350 149 52 153
AA6 20130565 0 2 22
ACU 7233602 110 133 514
aby 16067166 9792 9723 1694
aa3 14641860 2 16 5
acr 5991 4 66 122
abv 25568519 19 19 3
aaz 8435942 0 12 2
ACO 142348530 167 506 2374
abs 13074702 188 437 593
Aaw 14524150 0 14 2
ACL 29061870 273 1180 5756
abp 21601337 143 67 115
aat 13300802 6 28 1
aci 2233731 60 100 474
abm 8396312 476 364 3231
aaq 15305382 1 9 1
acf 25594363 6 400 5000
AAN 108424611 1898 2243 2168
ABJ 41919439 28 24 1
aak 14477500 0 22 3
abg 16945720 225 324 4549
aah 10049632 20 44 2
abd 8854462 2 46 0
AAE 9105272 2 1 4859
ABA 398991185 97 434 48
ab9 12935042 54 119 2285
aab 8166742 0 40 1
ab6 8760642 1 1 0
Aa_ 15942692 7 23 2
acy 6413862 925 1082 79333
AB3 17034098 0 3 2
AA7 28902247 2 3 0
acv 293317780 35 53 69
ab0 15835001 14 58 21
abz 6996682 0 39 0
aa4 25560249 0 1 0
acs 2501061 0 140 0
abw 10671942 5 11 5
Aa1 6615322 0 9 1
acp 10219552 850 170 2921
aax 14933128 153 197 4325
abt 702413 28 83 88
ACM 1914321 2 45 1
aau 249465175 0 19 0
ABQ 2553801 0 1089 21
ACJ 5050911 495 144 1057
abn 280012062 0 34 0
aar 183532966 10 19 6
acg 6071532 185 182 373
abk 4858681 998 1543 65190
AAO 131387833 5 20 3
acd 772884 314 159 2784
abh 14469582 60 45 6
aal 5562052 3 65 3
aca 7603322 0 122 0
abe 417406348 8 173 25
aai 11326202 188 680 5700
AAF 108416848 2004 2340 2433
abb 4518221 158 110 621
ab_ 23768657 147 129 118
aac 50099694 380 895 6331
ab7 17492936 81 36 380
acz 7005612 87 100 350
ab4 16020074 13 6 7
aa8 24961587 56 12 172
ACW 1878841 3 2 11
Ab1 6668192 0 12 0
aa5 25206387 1 3 1
ACT 18092584 0 2 4
ABx 14079838 14 7 37
AA2 14568038 254 26 84
ACQ 365215233 0 4 0
Abu 308795950 0 164 54
aay 15305389 0 19 0
acn 271404792 0 112 0
aav 12020912 69 162 185
abr 131428902 0 16 1
ack 2756291 406 489 737
AAS 3328631 258 9952 9532
abo 7993632 21 1 4
ACH 25576043 3 35 15
aap 104098039 20 39 0
AbL 482877782 130 18 6
ace 68183 112 373 127
aam 8394542 0 92 2
Abi 350173 0 0 0
acb 1669901 0 0 0
abf 2492681 17 86 17
AAJ 14076339 120 199 92
ABC 28785486 600 1840839 50098
aag 23975668 3 34 3
===========================
AE_ 15209848 100 74 1124
adc 2563771 24 5 8
AE7 72693740 4 4 671
ae4 51657689 2 0 0
ad8 23125398 4 3 1
ae1 14541038 0 7 1
ac9 33697623 206 63 1341
AD5 18906937 0 1 1
aex 5150891 25 139 3512
Ac6 14463397 0 10 1
Ad2 7477712 1 25 1
aeu 14711217 0 5 6
ac3 2487021 91 13 8096
Ady 19638925 458 965 16124
afn 17956740 165 89 214
aer 13187482 178 399 756
adv 8938242 0 0 4
Ac0 14878924 964 394 1608
afk 17457744 569 131 272
aeo 215711656 0 2 0
ads 3166231 0 151 8
AFH 14708322 31 11 58
AEL 898671 0 52 9
ADP 19992977 1335 9090 2339
afe 3315571 60 89 1534
adm 49523 29 248 1092
AEI 30864583 6413 18627 10635
afb 13361802 106 60 2861
adj 8025112 1 39 1
aef 133749220 3 28 10
adg 17600670 28 57 44
aec 6644952 11 14 6
ae8 62405011 2 1 0
Ada 1675 2 7 3
AE5 25884489 167 184 1013
AD9 24385865 6 4 0
ae2 134048499 0 2 2
ad6 26448791 5 13 0
ac_ 14740869 3 1 3
aey 129160016 501 1436 24705
Ad3 15059743 1 3 0
AC7 15079386 1 4 0
aev 38729135 1 5 0
Adz 244257023 29 46 111
AC4 8288742 1 1 0
AD0 617534418 37 8 54
afo 14412479 61 11 3118
AES 130793222 106 23 160
adw 7543902 41 19 21
ac1 948101 4 34 2
AFL 16319888 9936 83077 18644
aep 132745895 3 14 8
adt 246445944 16 24 209
AFI 19080760 10315 74675 247
aem 7565772 0 12 1
adq 16375712 382 439 4369
AFF 272933745 0 105 0
aej 25725683 44 25 36
adn 3309881 71 201 3121
afc 19426827 0 240 0
aeg 4845461 412 418 20007
adk 7711412 0 0 2
aed 11482732 8826 9011 1767
adh 271570007 38 27 180
ade 11643 527 1803 8723
AEA 5740302 0 23 0
ae9 45651813 0 1 0
aDB 1825191 1258 1630 22192
Ae6 82820102 2 0 0
ad_ 10416952 220 88 516
AE3 25209493 23 6 7
ad7 12233922 0 0 0
ae0 47905626 6 5 2
aez 4420461 28 73 58
Ad4 18236528 0 3 1
AC8 15241301 1 1 0
AEW 6852432 0 12 0
ad1 5288892 0 6 8
ac5 14341190 48 24 182
aet 419363 31 36 835
adx 14447883 11 39 24
ac2 8125042 3 3 81
AFM 26347033 157 22674 62
AEQ 20686965 10 4 0
adu 5520642 0 28 1
afj 63407978 1 7 0
Aen 3735521 76 3229 4971
adr 783732 750 1055 24362
afg 6614592 17 20 3
aek 132056284 0 23 1
ado 166726743 0 79 0
afd 4091311 15 7 18
ADL 14153886 27 227 10
aeh 8723832 129 32 187
afa 14269872 0 198 0
AEE 78041926 644 1059 562
adi 1371191 351 1346 1844
AEB 5373482 11 38 40
ADF 727733 14 7 0
===========================
ahc 3937661 175 6938 3030
AFS 6894742 125 5225 106
AGL 7710462 364 225 744
AFP 380648579 248 26655 8735
ah8 75013282 214 242 4319
Agi 7039462 26 124 7
ah5 16409856 175 118 1355
agf 130357067 0 4 3
Ah2 20968429 0 0 2
agc 255428508 2 7 1
ahy 509011082 0 0 0
ahv 16705837 2 10 0
AG8 217353358 1 0 1
ahs 324530822 34 29 0
ag5 466951041 0 1 1
af9 39430074 24 208 3
AHP 271246368 2 4 0
ag2 14411077 189 6435 1419
af6 37712855 20 13 0
ahm 13288202 128 610 8951
Agy 17447714 98 235 1448
af3 14464747 139 145 239
ahj 12152402 149 423958 12260
agv 14175742 49 60 1112
af0 281609785 0 0 0
afz 14537351 3 2 0
Aic 9170782 0 0 5
AHG 205034296 5 2 0
afw 286456218 1 3 4
ags 218656393 0 16 2
ahd 130693993 0 4 37
aft 14377972 120 53937 374
agp 41861599 102 107 1033
Aha 9879742 30 104 135
agm 7830892 1 11 2
Ah9 28073737 12 2 1
AGJ 5842442 44 20 19
AH6 126369689 23 0 0
agg 14638414 1 37 1
Ah3 14507843 0 2 0
agd 9655532 0 0 0
AH0 69801017 0 1 134
AHZ 12467692 1 8 0
aga 202648818 36 265 144
ahw 9808242 498 418 6895
Ag9 22248871 3 0 19
aht 17357210 296 273 3554
AG6 582442149 3 2 3
aF_ 24007092 10 7 7
ahq 8556992 0 0 9
AG3 14517226 10 1 0
af7 14983374 5 158 312
ahn 598353573 20 6 0
AG0 14865708 1 1 1
agz 981201 1 10 1
AF4 24732899 0 4 0
ahk 8352992 0 15 0
AGW 34360427 5 24 55
af1 250918047 32 0 1
ahh 41579045 41 101 32
AGT 12801622 0 649 1
afx 7677592 78 20 6
AiA 106121341 58 72 657
ahe 6327022 31 42 416
AGQ 18304691 0 2 0
afu 6561532 0 2 135
AhB 5759582 8 6 27
agn 132431739 0 17 0
afr 224445247 0 0 0
agk 14519042 4 22 0
AH7 98679678 1 2 0
AGH 6098932 0 15 0
AH4 24777625 14 26 87
AGE 237088996 1 4858 10022
AH1 17657825 0 1 3
AGB 1841411 33 30 116
ahx 9459412 122 98 490
AG_ 17188162 24 4 4
ahu 9015542 0 22 1
ag7 19519813 6 16 0
AHR 5688732 153 2288 5926
af8 35187185 279 61 1180
ag4 16067050 3 1 23
aho 818730 489 644 4148
af5 14746195 2 14 0
ag1 14542337 30 8 166
ahl 5438882 294 698 661
af2 8522602 0 15 0
agx 91591185 0 1 7
ahi 257183798 4 11 2
afy 8915252 46 70 271
agu 9426752 402 224 1561
AIB 15207381 15 32 54
AHF 16227968 697 1742 368
afv 17405418 0 39 3
AGR 6135472 42 49 51
===========================
aku 6053352 75 711 9
AJY 8846732 213 205 1682
AI3 10119922 17 20 223
akr 4043201 763 1036 28667
ai0 14490869 0 1 3
aiz 3446061 7 15 156
ajv 792537 1822 10094 5306
ako 5420292 405 346 2543
AIW 17536962 1 16 0
ajs 130621479 1 10 0
AKL 14047890 10 8 4
ait 7903642 3 278 151
ajp 11670 145 422 9875
aki 13382852 322 2730 124178
aiq 15863296 0 4 0
ajm 6767752 7 47 397
akf 5767802 117 372 8865
ajj 8867782 41 24 55
Ain 9068502 124 968 695
akc 6424012 3 16 1
AJG 55443 1 0 23
aik 10268242 328 140 22
ajd 9719012 0 10 0
AiH 5480942 6 25 269
aja 271164492 3 93 0
AIE 37677943 1055 561 1725
Aj9 15719255 2 1 5
ak2 8286292 0 12 1
AJ6 15424633 2 5 1
ai_ 14953587 15 29 109
aky 7447332 151 62 479
AJ3 14832711 0 4 2
ai7 96266870 4 0 2
akv 7688152 302 57 1565
AJ0 41789256 11 9 0
ajz 822596 48 18 388
ai4 33160159 1 1 0
aks 67694427 25 10 1
ajw 19473 305 149 1317
AI1 31606995 3 3 0
akp 6751362 4 12 0
ajt 199399558 491 2048 6617
aix 351165211 36 11 334
akm 12135922 278 107 2186
aiu 14506220 0 37 20
ajq 132430689 0 0 0
AKJ 4252861 12 5 15
air 787830 38 21372 690
ajn 14847785 196 760 1313
akg 13622622 119 36 250
AIO 5837282 0 9 113
AJK 8424002 90 51 127
akd 14106220 365 138 13118
ajh 1120971 4 6 0
Aka 167768930 142 1166 13916
Aii 27208287 27 51 6
aje 8024642 4 1 15414
ajb 663703 5 22 0
aif 19015716 497 187 208
aj_ 6258742 0 6 0
ak3 9582762 11 11 4
AJ7 15509880 4 5 0
ak0 11658042 0 1 0
akz 3404291 440 1285 26603
Aj4 310827540 1 0 0
ai8 68200707 30 34 16
akw 21684567 8 11 0
AJ1 8998942 0 4 0
ai5 17559373 7 12 3
AKT 6494172 15 42 0
AJx 17634440 0 3 0
ai2 32808380 3 7 7
akq 16966180 14 2 2
aju 19432255 10 21 3
aiy 13997142 0 12 0
akn 25691224 11 7 387
ajr 1670061 248 161 210
aiv 293469222 2 5 0
akk 130102885 0 22 0
ajo 5932712 1 63 1
ais 8379762 9 12 39
akh 8083592 0 0 0
AJL 8661182 1 117 0
aip 5986112 40 89 1950
ake 780734 555 1133 6614
aji 130433337 0 273 0
aim 24591623 18 7007 174
akb 7974612 12 351 8
AIJ 14240447 0 0 0
ajf 39103 210 156 567
AiG 15851753 2117 9820 3541
ajc 4170491 34417 68584 42602
aj8 13294912 418 338 1277
ak1 9402932 3 6 93
aj5 15659705 1 2 0
Ai9 262992114 5 4 0
akx 1424431 442 205 3222
Aj2 14085515 599 568 20826
ai6 213672205 27 12 4
===========================
AM0 6004412 46 21 1483
amz 8994722 9 42 1
Ak8 17829542 0 3 3
al4 14336827 70 50 124
ans 131515746 1 216 0
amw 2374811 186 57 17
ak5 14549572 0 0 35
AL1 6232 1 1 0
anp 3105881 0 125 1
AMT 172008956 25 187 212
alx 534023 143 342 827
anm 21668776 1090 214219 2955
AMQ 17281961 1 9 1
alu 6197792 45 48 59
anj 1760731 144 242 1234
amn 3847981 251 436 5863
ALR 11332352 342 246 1913
Ang 14683136 63 32 79
Alo 2359741 225 108 16916
AMK 11785402 2 37 4
and 7721902 65 559 121
amh 43822211 248 1029 1183
Ana 15569894 112 3523 615
ali 6782762 965 12925 39475
AME 132339648 25 81 19
ALF 38733 96 115 36
amb 1728011 2 26 0
am_ 328377439 0 1 0
alc 3429761 1 19 6
Am7 20296479 435 412 3333
am4 15840785 65 518 299
Al8 12747122 1 3 6
Am1 13998622 1 3 0
Al5 14991980 0 3 1
ak9 4565971 1109 993 45036
AMX 13703502 595 312 3192
ak6 26832993 22 10 4
al2 238353209 431 1593 2347
amu 12622272 0 78 0
Aly 123611984 260 66 131
Ann 1365451 84 495 650
amr 16869948 49 158 253
alv 768551 927 1579 4394
ank 3785111 843 1852 15651
amo 7335 0 207 0
als 9512582 414 914 1800
anh 786558 36 23 0
aml 8552202 465 170 1579
ALP 194399225 383 219 899
ane 5764192 1099 677 515
ami 897841 506 1396 2267
Alm 8059462 0 62 0
ANB 515899327 717 694 645
amf 16889290 436 977 11907
ALJ 448765819 106 6890 155
alg 461410705 105 37 101
AMc 14093457 304 1943 999
ald 755499 646 2087 17409
am8 155756045 0 0 1
ala 225184515 2 20 0
AM5 18520501 0 1 1
Al9 16708450 6 6 19
am2 64163055 0 2 2
Al6 15865157 0 2 2
ak_ 6558272 7 386 120
amy 27148700 574 5645 2583
al3 6284662 0 4 0
ak7 52718690 10 41 7
anr 5951852 479 102 176
amv 8460482 0 14 1
al0 9349212 3 6 11
alz 1957461 250 308 5489
ak4 13097642 23 3 5
ano 5877332 5 94 19
ams 10934 893 3585 3906
alw 23389670 128 457 1986
ANL 17549228 1 10 1
Amp 14101293 15 143 2
Alt 2775571 141 88 49
Ani 556102741 27 14 21
alq 1744031 273 325 2365
AMM 437537395 518 288 1287
ANF 14221295 43 323 654
aln 10163802 20 8 122
AMJ 490882435 373 79 237
Anc 5980392 0 403 0
AMG 78263 17 13 17
alk 25632980 19 7 0
amd 5454132 40 275 48
ALH 19599988 82 26 86
Ama 5740752 1 16 0
ale 3272 59 890 646
am9 21646353 21 5 95
alb 239980709 46 72 70
am6 21645563 3 6 0
Al_ 7041722 69 78 828
am3 15476224 0 0 2
Al7 16660324 0 3 2
===========================
ap9 19437717 2 58 1
aob 152267995 0 8 0
ap6 21977595 20 0 9
AO_ 33021417 136 59 1159
AP3 595487864 24 1 0
AO7 26660518 119 129 1231
ap0 14725966 0 27 0
apz 110896323 230 113 463
AN8 17692548 0 0 1
AO4 27040673 1 3 4
apw 14363287 436 983 1530
AN5 22237959 359 113 1442
ao1 15185429 0 7 1
apt 654583 1103 537 9827
an2 33352314 0 6 0
Aox 14629688 27 12 14
apq 481190431 0 0 0
any 484374433 4 262 1
aou 14337767 77 60 160
apn 8711362 116 550 20675
anv 14700498 115 10 5
aor 14616509 0 13 37
APK 583491949 1976 600 90
aoo 101005683 13 10 3
aqd 14782473 14 6 28
APH 45460546 1 16 0
AOL 66237835 386 83169 11957
aqa 14295281 0 24 0
ape 3278341 36 74 42
aoi 665073 958 644 7209
aof 2901971 0 20 1
APB 5663222 78 69 57
AP_ 15913811 91 131 4418
aoc 611757921 3 143 1
AP7 133703273 2 3 0
AP4 221472851 9 5 4
Ap1 12125882 1 1 3
ao5 544256817 8 2 0
an9 10237542 12 24 18
apx 9555142 10 13 31
ao2 6227012 1345 812 648
an6 24831946 25 4 0
apu 648653 83 83 29
aoy 26984574 135 45 9
an3 7716552 8 70 44
apr 6213902 119 369 1887
an0 14375372 64 619 4013
anz 6435362 171 199 12053
Apo 10002032 1 40 1
aos 12131812 0 21 0
Anw 14960952 1 14 48
APL 25838223 35 70 29
aop 14649396 0 10 0
ant 191241296 39 138 110
aom 5787622 0 80 1
aqb 4346931 0 4 6
APF 26538242 22 339 200
AOJ 5935522 962 640 21981
apc 40949764 160 215 661
aog 10768332 30 1 0
aod 106493370 64 123 119
ap8 238320762 6 0 2
aoa 5405582 0 0 1
Ap5 22423150 1 1 2
ao9 5862562 84 75 4832
AP2 15716246 1 9 0
AO6 36765610 0 2 0
an_ 63384191 1 14 1
apy 255757193 1 1 0
an7 268619931 3 2 2
ao3 14841475 234 152 16246
apv 193976050 2 9 67
ao0 234281941 345 70 1106
aoz 7402262 1 10 8
an4 16271713 6 10 100
aps 11839562 1 42 22
aow 14714863 33 41 83
AN1 5801812 1 5 2
app 1949831 0 0 2
anx 62830269 1322 749 1509
aot 380843762 63 44 0
APM 11055562 5 112 3
AOQ 6839672 2 2 15
anu 5676 308 838 8625
apj 6659192 383 3087 16089
aon 5986392 36 74 1643
apg 150353459 2 11 4
aok 24793 131 137 194
apd 7343422 0 25 1
aoh 364589254 76 47 317
APA 493175789 46 1890 767
aoe 8041362 968 1030 64904
===========================
ASM 5611542 1 48 1
arq 14433899 0 3 1
aqu 2820641 10 0 5
asj 4496471 0 8 0
aqr 12794652 36 54 729
ArN 131898232 16 34 20
asg 7710642 0 25 2
aqo 15832170 3 16 0
ark 135664169 714 2656 648
asd 16971651 198 3052 19459
aql 3295151 190 182 3501
arh 7043162 908 1113 5242
asa 407 193 2270 3245
aqi 14580745 0 31 1
are 482411772 0 56 0
as6 41973646 0 5 0
AR_ 14177774 212 3084 9572
as3 6101352 74 431 5
AR7 19414191 4 4 8
AS0 31338169 0 4 0
asz 9479872 454 2503 4653
AR4 53220376 23 3 2
aq8 37492923 0 4 1
asw 10653342 0 11 466
aq5 189627595 0 0 1
ar1 11448352 1302 2859 44697
AST 10973392 0 59 1
Arx 3096291 0 3 11
aq2 16832596 1 8 0
ASQ 14849484 3435 6671 5912
Aqy 18732532 259 260 4342
Aru 4462991 292 159 9227
asn 14168183 2 19 21
Arr 14166235 229 9267 6063
ask 754460 198 885 1195
aro 244888150 1 13 4
aqs 11558432 1903 894 524
Ash 5355992 84 260 287
Arl 25704104 0 13 2
aqp 17060073 110 26 291
ASE 6392972 1459 15301 27813
Ari 581 82 1637 112
aqm 21937212 0 5 0
ASB 19979596 332 237 1413
ARF 703713 12 25 29
AQJ 18223735 0 1 1
arc 582766406 1 46 0
AS7 22888030 0 16 0
as4 636434787 11 0 0
AR8 20006747 4 3 1
as1 8511622 0 2 1
ar5 15512788 0 0 1
aq9 51431191 1 0 39
ASX 28002931 13 3601 48
ar2 13719412 101 106 674
aq6 85421186 21 0 1
ASU 18783501 11714 33827 3921
ary 144152936 1 843 0
aq3 59148892 2 3 2
asr 26089396 0 26 0
aq0 30793859 1 2 0
aqz 16404525 139 117 957
arv 10699692 11 50 63
AsO 3618111 95 128 2134
aqw 17625163 1 121 1
ARS 549908671 88 72 235
asl 4012791 108 134 1138
aqt 12636612 13 28 5
arp 9522362 0 11 80
ASI 14304714 270 11701 6195
aqq 12261692 84 154 251
arm 5740972 58 190 1633
asf 15133928 3 124 1
aqn 6047882 53 100 4383
arj 14144926 268 2770 3230
ASC 3741131 0 15 3
arg 5544222 5329 4842 41390
aqk 5562402 29 12 486
ard 6774282 372 591 692
ara 887551 92 42 231
As5 25050628 20 2 1
Ar9 17193465 18 12 3
as2 276666747 2 2 0
AR6 19021423 0 0 1
aq_ 31974807 541 208 534
asy 8628652 2 19 25
AR3 15488863 0 15 2
aq7 48429038 21 1 2
asv 7526462 1 6 0
ar0 15464052 207 248 14490
arz 7912892 329 166 952
aq4 45321216 37 32 151
ASS 221560137 6 283 1
ARW 10096102 0 12 0
Aq1 134586291 0 0 0
asp 110389611 45 55 171
art 654183 134 545 1095
===========================
au6 45029822 9 2 1
at_ 259171864 0 2 0
au3 13155432 78 22 248
At7 23437984 21 2 6
AVV 5125971 5314 6029 5687
au0 234948166 1 1 2
auz 17676576 14 19 10
at4 135565653 90 25 275
as8 14543197 134 73 508
AvS 274082663 0 44 0
AT1 12240822 1 2 0
AVP 186284625 0 10 2
Aut 4652511 176 50 442
ATX 718043 957 1769 21990
avm 8996832 0 14 0
atu 5291082 49 104 6997
avj 671753 302 115 534
atr 1460381 435 256 2121
aun 14558903 2 2 0
aVg 7425482 2670 4401 24916
ato 811199 38 58 2127
Auk 186601639 2 24 34
Avd 8245982 5 0 22
AUH 19486796 1186 4609 1
atl 693463 551 1124 12335
ava 755252 0 0 0
aue 14889596 4 11 24
ati 1089111 12 85 6
aub 20530535 322 984 4864
atf 4741491 0 0 0
Au_ 28813307 10 17 186
ATC 6001342 3 2 1210
au7 16900795 0 0 0
au4 138045266 22 2 0
AT8 19347055 136 255 551
AvW 265365293 48 33 40
AU1 33515746 0 2 0
as9 30163919 133 156 561
AT5 9595022 802 49212 43714
avt 131824078 55 1 0
Aux 639993 1 15 17
AT2 714903558 33 37 118
avq 18927753 8 4 1
auu 19357485 120 102 865
aty 14723650 1 19 8
avn 14357316 0 28 130
aur 12081552 466 243 455
ATV 16473345 1981 6803 2780
avk 8763552 44 21 150
ats 3524301 596 2785 34969
avh 10022312 277 1252 1520
ATP 456906598 10 81 0
AUL 18583823 1566 3532 2175
AvE 1738051 885 911 1634
atm 27152588 320 706 1462
aui 270894264 31 70 537
avb 12336762 477 744 15959
atj 7014942 0 9 0
auf 16292242 233 539 10923
ATG 800627 301 155 38277
Auc 16453960 10 50 2
ATD 260243875 184 61 3380
au8 49557028 0 0 0
ata 6838762 35 100 23
AU5 31345124 32 13 2
at9 31402588 163 75 499
au2 39126241 20 3 0
at6 37182237 4 4 0
as_ 41827693 0 10 0
avu 14888964 3 59 4
auy 18070105 0 9 0
AT3 20161788 0 8 1
avr 17426262 326 212 368
auv 18895552 1 21 0
Atz 13289062 736 245 1058
at0 20802481 27 32 17
avo 7374202 0 27 1
aus 7356472 32 50 2
atw 14416517 355 1083 1368
avl 42835962 0 12 0
aup 15196741 22 3 88
ATT 14620190 260 143479 7118
avi 39760881 235 176 173
aum 7312702 45 99 314
atq 7490402 246 297 5073
avf 261921458 0 7 0
auj 211674320 1 3 1
atn 10495352 335 378 221
avc 3619421 0 4567 1133
aug 14093710 460 202 300
ATK 27069865 1078 2432 536
Ath 7711222 730 1006 4332
aud 14388850 294 1979 9553
aua 3264561 271 286 1475
au9 21331636 50 36 1380
atb 6207192 8 5 1105
===========================
ayi 15084296 4 109 4
AXM 14199997 0 10 12
awq 14567559 0 0 0
AYF 17576907 283 1249 1950
AXJ 370761967 182 42 60
awn 15163598 1 16 1
ayc 8434062 68 41 96
axg 16985398 4 1 0
awk 1524061 130 173 1648
axd 18611960 18 13 4
awh 4630201 56 45 24
AXA 7956702 0 35 1
awe 14406772 3 41 14
ax9 32859737 19 6 0
awb 16084884 244 47 414
Ax6 31072898 93 29 405
aw_ 211447096 84 44 67
ax3 133343229 0 0 1
AW7 23371644 1 5 0
ax0 53955029 26 11 2
axz 11198132 0 0 1
Av8 582283567 0 0 1
AW4 21971401 60 26 844
axw 15765160 0 0 88
AV5 26844657 7 9 1
AW1 14153479 1 2 0
AXT 14908229 31 27 8
awx 17337303 75 110 400
av2 16813024 94 2 364
Avy 14710586 34 22 89
awu 7479692 1 3 1
ayj 17545459 16 9 10
axn 17810453 0 253 1
awr 13072712 859 479 2883
ayg 9364222 11 7 1651
axk 14381757 926 1361 6485
AWo 2760491 155 120 2242
ayd 15093113 0 12 2
Awl 13566872 736 31887 16903
Aya 803455 0 0 0
awi 6999012 1 36 3
AXE 20205854 279 78306 11916
awf 15314119 18 15 67
axb 17163544 1 3 0
ax_ 14332771 27 30 18
awc 6210112 0 5 1
ax7 39187350 3 15 0
Ax4 8271912 596 572 2289
aw8 6735892 19 12 76
ax1 22681940 7 4 0
Av9 41375355 56 4 14
aw5 54037825 0 6 1
Axx 21189402 18 92 1983
av6 146503725 0 1 0
aw2 22559235 0 0 0
axu 13343712 44 44 83
awy 18700703 3 13 0
av3 264974734 7 1 6
axr 612796786 1 0 1
aV0 22788155 6 1 10
AVZ 6893702 6 8 1
awv 62913 356 947 13980
ayk 6784612 0 3 3
Axo 4464431 95 50 284
aws 6087122 1 35 16
ayh 12261912 1155 828 2124
Axl 222274783 1 39 0
awp 515039440 54 7 18
aye 5056861 4 0 1
axi 338143 8 20 68
awm 11114862 184 312 621
ayb 14296480 268 993 9974
awj 11970442 0 1 1
awg 7152332 121 98 178
axc 17611430 0 0 0
awd 1017161 282 1252 8991
ax8 17275512 1 3 0
awa 3891871 1 1 5
ax5 253302823 32 18 62
aw9 21765018 3 5 0
Ax2 17241163 2 11 0
aw6 30829288 0 3 0
av_ 300899395 5 1 0
axy 15248807 0 21 0
aw3 26874033 192 132 1071
AV7 20015026 2 8 1
AXV 19826112 1 4 0
aw0 33650338 11 1 13
AV4 29033708 3 7 5
axs 325247983 130 1068 2173
aww 8839492 56 117 232
AV1 19102475 124 68 6
ayl 21839951 351 346 1365
axp 15938184 169 113 102
AwT 525607730 0 2 0
AvX 398095124 0 0 0
===========================
===========================
===========================
a0h 104028690 91 114 7131
AZX 8381162 10 8 711
ay2 28991012 21 5 0
a1a 131461625 1 6 1
a0e 45199045 55 47 201
Azu 255252246 54 22 1
ayy 190050948 3 29 0
a0b 132282229 2 2 29
ayv 19064460 0 6 1
a0_ 14240939 0 0 1
ays 132858178 0 21 0
azo 13495162 10 11 8
a07 30717861 2 5 0
ayp 14394147 0 12 5
azl 13439932 97 93 125
a04 21299676 13 16 36
aym 62605366 640 296114 4444
azi 187995883 1 32 0
a01 24502420 4 8 1
azf 131472457 2 8 1
a0x 49689511 145 33 134
azc 17805888 255 338 9398
a0u 404135504 0 0 1
a0r 152977767 6 6 504
az8 48225471 1 6 1
a0o 91119715 115 111 6930
Ay9 61008460 0 1 2
AZ5 36150437 1 3 0
A0L 17887593 0 2 1
az2 53079382 0 1 13
ay6 15797303 151 89 3979
A0I 25781071 1 3 6
Azy 5579762 0 10 2
AY3 27709181 581 941 16966
Ayz 14519454 340 720 5086
ay0 21748899 3 12 7
a0c 325514753 0 1 0
AZS 39718440 0 11 2
azp 25829445 199 24 421
ayt 14604323 0 5 1
a08 14809271 1 1 7
azm 6712232 37 38 7673
A05 37577330 20 1 0
azj 20385803 1 3 3
ayn 6856622 369 848 8699
A02 34835627 0 0 0
AZG 5410982 76 30 146
a0y 54178779 232 246 21482
azd 15131923 1 4 2
aza 13370272 251 21839 8424
az9 31346976 128 24 147
a0p 81070122 37 10 21
AZ6 23134836 11 1 5
ay_ 14487453 47 38 236
a0m 14708900 0 6 1
AY7 131711997 41 27 21
az3 14755485 187 148 9758
A0J 21909541 0 1 2
ay4 7346552 34 326 561
az0 11229142 0 2 0
azz 8378312 0 26 0
A0G 62269309 1 0 0
Ay1 4895741 0 2 0
A0D 53942022 9 4 21
ayx 566436301 0 0 31
AzT 17805528 213 83 7525
a0a 28418378 20 1 0
ayu 175512609 2 5107 1
AZQ 14184189 21 39 94
a09 21424514 20 5 1
Ayr 12137802 1 15 1
a06 116622322 0 0 0
azk 273044891 0 2 0
ayo 12246012 88 601 1079
a03 16682112 206 173 2961
azh 9958902 9 8 1
A00 67611605 0 1 0
A0Z 98344973 305 302 312
Aze 26030996 177 61 1244
a0w 46049444 82 13 93
azb 14499823 0 2 18
Az_ 14755245 237 305 1152
az7 14228478 1 4 0
a0n 18061782 90 74 210
az4 20470450 35 14 65
ay8 11968312 0 1 20
a0k 3954581 954 3532 15407
az1 17296148 552 700 4993
AY5 41010080 1 3 0
===========================
a1h 45834291 21 10 32
a2d 14120849 31 26 75
A1e 17742408 16 13 16
A2A 132559174 130 150 153
A29 154997379 30 5 0
a1b 16401804 0 2 0
A26 15464184 55 78 14
a1_ 110015915 0 2 0
A3y 262185404 97 75 1454
A23 14903266 0 19 1
a17 14474566 0 4 0
a3v 140293998 3 0 1
A20 14711309 0 3 2
A2Z 5835852 1278 1657 6450
A14 14400093 0 5 1
a3s 26024569 28 1 1
a2w 16401264 118 38 19
A11 8340232 0 7 1
a3p 15074318 39 82 1
A1X 25887665 1 0 1
a2t 25994089 205 617 1996
A3M 20567539 147 197 101
A1u 78060668 3 2 1
A2Q 57565566 9 9 0
a3j 230677873 0 0 0
a1r 3569981 10 15 46
A2n 378412776 5 1 0
a3g 14454581 100 54 356
a1o 19312572 450 209 1187
A2K 9417212 79 77 1199
a3d 11102172 8 6 0
A2H 9069442 0 14 3
a1l 68928877 0 25 10
A3A 17676405 1 9 0
A2E 135448996 0 49 9
a1i 158615761 42 41 463
a2b 7976832 69 29 695
a1f 14216519 12 8 384
A2_ 21105287 5 2 0
a1c 26945188 1 5 10
A27 15476932 0 2 6
A30 16038058 0 3 1
a3z 105838482 23 54 493
a24 8013162 0 150 2
a18 14474603 0 3 3
A3w 37442235 0 1 0
A21 6618082 1 28 2
a15 14471077 0 5 2
A3T 56014310 61 12 3
A2X 15823507 3 16 22
a12 47226875 1 11 3
A3q 29947918 23 0 2
a2u 15474397 12 3 88
a1y 20009159 0 0 1
a3n 18528864 13 6 4
A2R 19025792 4 2 7
A1V 156756144 0 259 2
a3k 22144352 94 37 235
A1S 22707173 0 2 0
a2o 5801412 0 1 0
A3H 33334259 0 4 1
a1p 34222794 75 11 17
a2l 16530677 91 89 1218
a3e 21068001 227 66 289
a1m 14070875 510 492 15208
a2i 24286255 3 11 1
a3b 18606505 0 10 1
A1J 519763735 13 0 0
A2f 17753491 89 101 515
a1G 29222041 1739 596 27
A2C 4481811 471 278 449
a1d 20528742 5 7 2
A28 15951492 1 8 0
A25 14942169 0 3 1
A19 14677264 1 23 0
A3X 139656071 167 103 206
a22 14111233 0 11 0
a16 10892172 0 7 1
a3u 74725642 0 0 0
a2y 18806812 0 0 35
A13 14251220 0 16 1
A3R 20346552 52 30 900
A2V 8792132 18 11 15
a1z 15956395 0 2 0
a3o 25743395 25 36 371
A2S 17339639 11 13 6
A3L 22297867 160 175 2787
a2p 407048551 0 2 0
a1t 17958941 1 0 0
a3i 60608368 42 6 11
a2m 15007825 0 6 0
A1Q 71795072 22 4 5
a3f 37707634 1 2 2
A2J 15542238 74 57 726
a1n 18957929 0 1 0
A3C 23712369 733 6736 7810
a2g 12896412 5 5 1
A1K 46499820 4 4 2
===========================
A54 20268902 0 1 1
a48 11751982 61 184 986
a6o 163489498 0 0 0
a51 177693115 0 0 5
a39 274697892 6 2 11
A45 18250674 0 0 6
a6l 118321513 33 11 45
a5x 83199530 16 0 518
A36 16138800 79 23 35
A42 18045781 1 1 0
a6i 109117960 0 1 0
a5u 69028225 0 1 10
a4y 98142156 2 1 0
a33 14491397 121 60 3554
A6F 446510307 245 44 101
A5R 119057103 62 7 0
A4V 25895041 10 5 7
a6c 87467310 3 0 0
a5o 103790452 12 1 10
A4S 27896224 44 27 13
A5l 54159451 4 2 0
A4P 21987206 2 2 1
A4m 16112593 0 16 0
a5i 154421704 28 3 9
a4J 20334488 21 39 7
a5f 63181569 1 0 0
a4G 19123974 4141 6651 1009
A5C 27630651 32 17 11
a4d 18221939 492 1459 4323
A58 25565275 0 3 1
A4A 18345853 82 118 1768
a55 19442046 0 6 1
a49 21398438 4 3 0
a6p 58990431 7 2 1
a52 791533 392 277 4408
a3_ 32657203 56 58 603
A46 18723444 0 4 1
a6m 44201954 38 9 0
a5y 83319707 13 6 5
A37 17125327 0 1 1
a43 110327970 0 0 1
A6J 105843493 20 0 0
A5V 85500083 5 1 0
a4z 21379079 2 2 0
a34 800298 0 11 0
a40 16410650 148 37 32
a6g 143380372 0 0 6
a5s 69913561 1 0 3
A31 16077341 3 3 1
a4w 4356731 106 427 42918
A6D 31124051 3 5 3
a5p 102707896 156 56 1566
a4t 133884854 2 4 0
a6a 63063415 0 0 0
A5M 51045545 116 9 52
a4q 310570205 0 0 0
A5J 77978316 117 27 208
a4n 39542671 28 3 16
A4K 44961349 0 2 0
A5G 32384677 20 13 19
A4H 12248782 7 1 236
A5D 26257304 1 667 885
a4e 16468054 126 102 458
A5A 23648028 0 14 0
a59 30130775 0 3 1
a4b 32315122 1 0 0
a56 17053731 117 2 0
A4_ 138723996 23 9 382
a53 9324592 0 0 1
A47 19720199 1 0 1
a6n 118647243 22 22 29
A50 17810944 2 18 0
a5z 169415035 4 1 5
A44 18165871 0 4 4
A38 17882135 2 2 2
a6k 579883968 1 1 37
A5W 533023328 79 7 2341
A41 16829765 0 2 19
A35 5973772 68 58 370
a6h 281617900 0 0 0
a4x 75757151 19 6 0
A32 16081858 2 2 0
a6e 6738572 239 61 83
a4u 19918221 2001 3067 2277
A6B 23825619 1 1 0
a5n 49991201 9 13 29
A4R 443814526 8 3 4
a5k 60984827 262 251 5410
a4o 180740942 0 2 2
A5H 19944928 201 301 2427
a4l 22735352 0 0 0
A4i 36168098 14 13 124
a5b 15739339 6 9 17
A4F 54986037 540 967 1033
a5_ 76672818 0 0 0
A4C 12688032 42 3 114
A57 26105087 0 5 2
===========================
a82 33244371 22 4 0
A6_ 408587645 22 11 12
A76 17450019 0 0 28
a8y 163491111 0 0 0
A67 33059903 0 6 1
a73 27604338 0 1 0
a8v 163490829 0 0 0
a64 25912204 1 5 0
a70 19209889 4 7 8
a8s 108169381 0 0 0
a61 16586194 0 0 0
a7w 17719614 0 0 0
a8p 133725910 2 0 7
a6x 19844580 1 3 0
A7T 26398606 11 4 4
a8m 163490387 0 1 0
a6u 62796266 462 249 10718
a7q 163490173 0 0 0
a8j 162272082 53 25 1055
a6r 14784818 0 0 0
A7N 401730879 0 0 0
a9c 81019809 1 3 0
A8G 103287039 30 25 287
A7K 39234525 4 4 0
a8d 107709447 19 0 4
A7H 144187591 8 2 10
a8a 35013500 6 9 210
a7e 135511359 0 0 0
a89 130892979 0 1 0
A7B 15203653 1 1 1
A86 19162027 1 5 0
a7_ 95950680 9 6 18
A83 34358266 748 651 37
a77 23660075 5 5 4
a80 36302962 0 0 0
a8z 18217482 175 111 985
A74 15102810 63 61 2428
a68 25802429 0 2 0
a8w 16155543 34 0 0
A71 28062229 1 4 1
A65 30554249 0 2 1
a8t 19527342 774 419 67
a7x 14322039 2 1465 4
A62 30172547 0 2 2
a8q 61572412 15 2 1
a7u 134830600 7 5 4
a6y 33918058 23 4 1
A8N 45536195 1 3 0
A7R 81381788 19 20 1
A6v 602071483 2 1 0
a8k 46717455 1 1 0
A6s 42768092 1 1 2
a7o 127239212 4 6 27
a9d 101813803 0 0 2
a8h 313700189 2 1 0
a7l 54494286 1 0 0
A9A 42118265 22 2 0
a8e 23359837 0 0 1
a7i 29020542 4 0 0
a8b 71030711 0 0 0
A7F 82603128 21 1 2
A8_ 271464573 24 7 3
a7c 22404849 218 194 6169
A87 17738973 9 12 91
a84 28545075 0 2 0
a78 132056573 0 0 1
a81 133217014 68 75 85
A69 131926205 0 1 2
A75 209875992 0 2 3
a8x 66595008 397 709 570
a66 133136508 7 4 22
A72 23647035 4 8 2
a8u 92282705 0 3 1
a7y 160389687 5 2 10
A63 132405832 8 0 24
a8r 119108718 19 3 5
a6z 102352991 27 32 204
a7v 49372942 0 1 0
A60 22907926 614 478 1077
a8o 81310668 19 4 1
a7s 609390401 51 18 436
a6w 147100822 1 3 0
A8L 38587939 0 1 1
a7p 17413588 119 30 1521
a6t 39483844 1 3 0
a9e 8785592 1153 665 4049
a8i 79204594 5 11 2
a7m 58779923 0 5 0
a6q 163489856 0 0 0
a9b 111488465 394 246 11970
a8f 29745969 53 11 3
a7j 129453217 30 15 145
a8c 281621817 0 0 0
A7G 68312829 0 2 0
A7D 17632649 451 1952 3676
A88 20606942 16 11 386
a7a 16967905 1 33 0
a85 14068136 125 432 2100
a79 134642156 0 0 0
===========================
a_o 1849071 0 0 629
a9s 149853769 9 4 45
ba4 19503910 53 4 8
A_L 7865282 704 2098 8621
a9p 53328336 1 7 1
BA1 17014059 64 20 45
a_i 59702532 23 3 1
a9m 88464337 0 0 0
Bax 94743889 0 11 0
A_F 7802422 1052 2750 16684
a9j 281628056 0 0 0
Bau 107533 400 207 692
a9g 281623886 0 0 0
a_c 14566672 18 1 0
bar 2530071 1 303 3
Bao 7266 55 345 68
A_8 28188404 10 8 44
bal 523466467 5 9 5
A_5 90895745 0 1 0
a99 6247662 3 8 3
bai 414598534 5 0 1
a_2 277768438 16 2 1
A96 44169360 0 1 4
Baf 11528992 14 24 2
A_Y 18663998 29 261 0
A93 42446313 1 3 7
bac 15022309 222 837 1248
a90 333530572 2 0 3
a9z 43858337 2 6 4
a_v 13310642 41 34 1774
a9w 62999034 18 13 231
A_S 16162202 12 33 197
A9T 49999013 2 0 0
a_p 15186676 2 7 4
A9Q 71448644 21 1 3
a_m 10302872 59 119 3513
ba2 14885341 19 16 19
A_J 757105 193 313 875
A9N 61920284 0 0 3
bay 4383991 130 243 125
A_G 776244 451 210 3297
a9k 9059682 227 164 1854
bav 9208292 166 66 40
A_D 7207172 11 5 57
a9h 53000784 20 6 1
bas 37143 78 350 2585
a_a 14653230 223 1748 1122
bap 2065771 111 146 2146
A_9 137936890 18 0 0
bam 793104 143 421 65
a_6 38604937 20 3 1
A9_ 76844376 6 0 0
baj 14590066 189 343 3836
a_3 38406652 20 5 1
a97 29512262 0 2 1
Bag 1363111 0 49 0
a_0 18325322 20 10 15
A_Z 9628502 578 535 6895
A94 21119486 20 4 2
bad 753323 34 365 32
a_w 14926855 6 15 44
a91 19189969 44 3 31
baa 6131562 0 36 0
a_t 3614391 318 237 11237
A9X 22340146 4 4 16
A_Q 2152541 21 35 111
a9u 611765718 43 14 24
a9r 19025565 31 89 0
a_n 14508433 170 133 18078
ba3 6057872 3 15 141
a9o 97986452 2 0 0
a_k 159336862 0 0 0
baz 18941078 280 239 1000
a9l 163491553 0 0 0
a_h 336390614 1 3 0
baw 10005392 0 13 1
a9i 62235584 11 4 2
a_e 12122042 0 2 7
BAT 196029306 1400 1249 421
a9f 104799978 3 0 1
a_b 812356 0 0 1
baq 9958032 372 91 271
A__ 16870384 1 0 6
ban 5950502 1 883 2
a_7 146373874 0 0 0
Bak 585962519 9 498 0
a_4 19053739 0 1 0
A98 44753844 0 1 5
bah 2918551 60 12 39
A_1 14375851 1 4 1
a95 29169720 4 1 1
bae 13763132 23 47 10
a_x 96616613 983 370 3816
a92 18302827 1 4 2
bab 81373 0 66 3
A9Y 123689920 1 0 0
a_r 310792188 1 4 0
A9V 113580681 4 0 0
===========================
bdp 12663322 23 57 3
bcd 8727562 57 23 138
bbh 4774251 0 0 1
bdm 68357461 56 118 2815
bca 130838973 0 255 0
BBE 15048882 428 578 19998
BDJ 13218842 0 0 3
bc9 298887374 79 91 298
BBB 544446389 0 539 0
bdg 4742871 354 259 2498
BC6 19504481 1 0 0
Bb_ 96560807 10 30 5
bdd 2108841 142 600 2764
bc3 14134117 235 75 802
bb7 18356232 0 4 12
bda 15737905 328 263 1237
BC0 27663566 20 7 1
bcz 15305426 0 3 0
Ba8 23942318 1 3 0
bb4 14702142 6 1 20
bcw 14455486 63 203 2756
BA5 34058048 0 0 0
bb1 10848542 0 11 1
BCT 368810631 36 43 34
bbx 14785424 30 1680 9863
bcq 22205500 1 6 1
bbu 15990144 265 31 29
BCN 92070775 814 3650 3855
bbr 478060019 0 1 0
bck 186193 733 2962 18497
bbo 6182392 117 53 679
bdt 7551012 42 11 2
bbl 11373522 0 45 1
bch 13244082 455 1266 13300
bbi 25726681 2 26 0
bce 16660374 0 20 0
bdn 566841404 1 3 0
bbf 13809302 60 169 162
BcB 8411122 987 4802 19505
bdk 2036421 91 259 642
bc_ 14403477 0 6 6
BBC 19701628 5 104497 1
bdh 14408962 0 43 3
bc7 17889555 3 1 0
bde 9612722 629 395 3353
Bc4 20116802 0 2 2
BB8 7174292 0 65 792
bdb 3158921 26 240 12311
Bc1 6042872 1 5 2
bb5 15706800 5 37 0
BA9 29511086 1 3 2
bcx 7370952 103 59 22
BB2 14502656 0 8 1
ba6 196375142 0 0 1
bcu 14568112 0 18 0
BBY 10481272 20 4 14
BCR 252376017 2 8 0
bbv 11033222 0 7 1
bco 207850549 17 10 0
bbs 3087301 202 120 246
bcl 15768562 131 779 394
BBP 3661891 93 3 9
bci 14327432 0 154 1
bbm 7286882 0 972 1
bdr 10241232 105 132 130
bcf 259512876 3 21 0
bbj 16621247 4 17 0
bdo 5039241 344 466 1372
Bcc 9600762 19 89 27
bbg 54742194 1867 967 1412
bdl 280545069 0 6 0
BBD 811014 9 8 304
bdi 132809691 0 12 0
BC8 22492015 1 2 0
bba 9593462 1 610 11
bdf 71213 49 36 275
BC5 21618162 0 1 0
BB9 12530372 0 2 0
bdc 10209392 110 6777 12593
bc2 17182673 32 11 7
bb6 14433054 243 41 15
ba_ 6555682 306 361 9711
BCY 19951257 2 2 30
BB3 13571112 1 7 2
ba7 18486340 0 3 0
BCV 47955489 63 607 679
BB0 23563913 1 0 0
bbz 472103 56 49 30
bcs 29681473 106 5023 4300
bbw 34698419 19 150 4
bcp 2320121 443 559 1903
bbt 593713396 0 0 0
bbq 403529261 51 98 63
bcm 2161031 165 181 942
BBN 336125867 10575 17523 1169
bcj 17143398 0 10 2
bds 8151572 368 371 634
bbk 7338792 1 0 1
bcg 12022972 1 86 0
===========================
Bfy 19018718 1 3 0
bd7 282815307 8 1 2
be3 273968967 1 17 9
BD4 250430737 2 3 0
Be0 14077499 1 1 25
Bez 16028268 312 10164 2078
bfs 10472242 5 0 0
Bd1 15168966 0 11 0
bew 9749532 97 56 0
bfp 45788457 0 12 0
bdx 17620970 1 7 0
BET 16560657 567 740890 21485
BgI 15870236 43 21 17
bfm 10927782 641 1167 1406
bdu 12073372 41 30 77
Beq 15731225 141 140 19259
bgf 19826548 0 6 0
bfj 15568727 0 7 1
ben 16496308 316 1062 7015
bgc 8641792 1 471 0
bfg 8565742 188 222 1165
Bek 15299534 4 36 0
bfd 8498052 0 5 0
beh 8307292 0 23 1
bee 13489 12 111 130
bfa 91617688 1 7 10
bf9 528042787 0 0 0
Beb 130098345 1 18 1
bf6 60180747 1 1 1
be_ 7512652 2 9 0
bf3 18275469 3 83 1
be7 25314653 2 3 2
bf0 40592700 4 10 2
BFZ 19635096 0 5 1
Be4 16385436 0 2 2
BD8 69447960 3 1 1
bfw 14994084 0 9 0
Be1 7054822 0 4 4
bd5 151712700 3 4 1
BFT 14539236 55 5 59
bex 1629651 53 740 848
BD2 17831639 293 137 564
bfq 20360926 2 8 0
Beu 318037105 0 3 1
BDY 15142429 88 50 1218
BFN 259643611 0 10 0
bdv 16467712 6 32 160
ber 6487252 292 922 6545
BGG 10403572 1 14 0
bfk 16240585 344 241 452
Beo 648133 265 79 253
bgd 803084 5 11 0
bfh 7046122 135 46 182
Bel 47203 465 731 16121
bga 8290972 35 4 3
BFE 16696544 45 16 1
Bei 7257902 7 35 196
BFB 148294973 0 1 0
bef 14324508 2 0 2
bf_ 70971787 0 1 0
BEC 3070671 0 496 8
BF7 147118680 3 11 0
bf4 46814449 1 4 0
be8 581018978 0 0 0
bf1 22800244 8 27 2
bd9 22538912 0 1 1
Be5 33334982 1 7 2
bfx 28885560 19 17 268
be2 23480748 11 25 8
bd6 53878950 20 17 0
bfu 14869774 0 1 0
Bey 1223851 6 73 25
bd3 16566405 14 18 126
bfr 16879595 114 73 848
bev 180890660 1 25 1
BD0 75077843 28 22 33
bdz 18593138 321 18 12
bfo 15155626 16 13 32
bes 5486472 26 39 3377
bdw 1357391 11 22 8
bgh 14767362 0 7 113
bfl 15525494 42 42 9
bep 7428362 50816 1037758 1208
BGE 18679937 11 37 11
BFI 15687399 527 84888 8034
bem 7680092 6 0 1
bgb 15117491 97 89 226
BFF 86399449 31 1978 75
BEJ 10779192 90 88 976
BFC 207477965 239 21774 1009
beg 12578202 2 12 37
Bf8 82540233 0 0 1
bea 255640798 14 457 66
bf5 23255501 2 1 0
be9 15527359 123 184 1488
bf2 15742368 0 9 1
bd_ 3583091 0 36 22
===========================
bi7 42829812 20 5 1
bi4 50237778 0 7 4
BH8 25074474 13 6 0
BI1 24066931 31 6 1
Bh5 25389823 0 3 0
Bg9 25093350 0 2 2
Bix 4335701 1 12 0
BH2 49342286 0 5 0
bg6 25260334 3 2 5
BIU 761550530 2 0 0
bhy 6169462 240 174 1669
BG3 21638148 0 4 20
Bir 6036802 2 13 4
bhv 1413181 83 258 1310
BG0 149047289 0 3 0
BGZ 29563113 22 14 2
Bio 243230859 140 18389 3131
bgw 28431059 2 1 0
BHS 586552292 0 3 9
bil 563865807 9 8 22
BGT 139662570 0 708 1
bii 69263 229 168 8320
BGQ 293335590 13 4 1
bhm 5236881 16 18 439
BIF 8823792 650 906 3929
bgn 17077114 0 23 0
bhj 144303096 2 4 1
bic 8888352 0 108 1
bgk 6262142 1 7 0
BHG 14921141 2695 27193 4250
bhd 16437667 4 21 12
bi8 64180041 1 2 72
BHA 24593014 1545 8535 2850
bi5 31086118 27 3 25
bh9 35655132 322 42 454
Bi2 24202200 16 16 10
bh6 60657228 17 4 8
BG_ 90020720 11 1 23
biy 17610384 0 6 1
Bh3 15898541 1 2 0
Bg7 15149356 0 0 0
biv 9149212 75 33 2
bh0 123109295 1 0 0
BHZ 15209934 1 19 4
bg4 17158156 1 1 0
Bis 26953570 104 2738 458
BHW 55657551 0 0 0
Bg1 14470517 0 0 0
bip 1933711 53 3 33
bht 555150251 1990 1313 8363
bgx 14418238 0 6 2
bim 12717052 0 66 2
BHQ 29505822 92 33 5
bgu 26070568 14 2 0
bij 598742082 0 2 0
BHN 15383470 415 468 604
BGR 18131006 6 60417 13824
BIG 24674244 620 2314 643
bhk 16783709 1980 1348 9324
bgo 5496222 5 12 3
bid 11779832 690 524 3206
bgl 7796852 82 68 168
bhh 16795116 0 6 0
Bia 820323 84 157 759
Bhe 9445732 0 8 4
BHB 7074522 8 36 7
bh_ 14209621 236 246 4758
Bi3 41599688 1 8 3
bh7 75987093 84 8 2
Bi0 10648772 1 2 26
biz 13 551 1948482 4941
bh4 23655458 57 6 1
bg8 23728317 2 1 1
biw 14501878 4 20 2
bg5 21500543 18 36 0
BH1 12889712 1 17 1
bit 5586542 2 3 29
Bg2 27710178 12 13 34
bhx 132429682 0 10 0
biq 20054822 2 0 1
BGY 22626184 0 1 0
bhu 13034192 1 5 0
bin 3172321 0 0 0
bgv 21070451 2 5 0
bhr 8546942 72 124 1848
bik 7861902 4423 3890 8787
bgs 13242412 97 72 1885
Bho 4679551 1 10 2
bih 8273442 142 236 4076
bhl 10209312 0 20 0
bgp 14520989 61 30 144
bie 10124802 113 306 1471
BHI 136771630 6 11 13
BGM 4862171 54 55 393
bib 7108082 0 20 1
BHF 34874258 0 242 1536
bgj 8279112 27 13 24
BHC 2426281 0 4 1
===========================
bk7 26298311 1 0 0
Bk4 21710977 0 0 4
BJ8 26974581 26 6 9
blw 149413 156 92 476
BK1 6761192 0 8 1
BJ5 19545230 0 1 1
bi9 32376503 64 15 132
blt 7698862 24 113 18
bkx 177154471 37 7 4
BJ2 15344356 1 4 2
BLQ 18817650 177 25 34
bku 15942048 16 24 57
bjy 14494537 0 7 1
bln 5545592 0 0 2732
BKR 25571577 21 11 3
bjv 14171388 0 1 0
blk 12435 272 396 3901
bko 7553992 16 31 4
BJs 84184223 0 0 0
blh 11009312 1 11 3
BKL 98038322 367 62 1108
bjp 169745130 1 47 0
BLE 4315271 0 0 6
bki 14735448 0 6 3
bjm 43234968 328 121 1983
blb 7619102 526 243 2967
BKF 780904 1 11 16
BJJ 25757951 1 61 0
bjg 7450112 119 100 929
bkc 7329372 3 39 136
bjd 5741062 219 112 9886
bk8 15210288 8 5 29
BJA 13130162 1 38 0
bk5 17853476 0 1 1
bj9 163493239 0 0 0
blx 17746185 0 4 2
BK2 137195343 0 2 2
BJ6 22327074 144 11849 3771
bi_ 634441770 43 13 31
blu 762041 372 926 6086
bky 8610082 291 253 1089
bj3 16165969 27 4 3
blr 31484105 1 1 4
bkv 19532501 40 10 1397
bj0 326182978 0 1 0
bjz 16642987 10 9 44
blo 319357593 45 63 140
bks 29174618 197 165 1786
bjw 12724202 3 6 8
bll 14647629 0 10 0
bjt 14183812 188 99 1143
bkp 6727382 1 5 0
bli 15905379 2 10 0
bjq 14358006 1168 486 647
BKM 14601375 27 25 469
blf 452312261 790 134 3
BJN 9200222 12 13 290
BKJ 18047470 1 15 0
blc 1637421 85 61 229
bkg 9961172 85 20 1
BJK 9337072 169 553 540
bkd 10841242 5 26 750
bjh 7562322 98 115 895
bka 8623712 7 30 478
bje 4422921 184 142 8
bk9 16574440 1 9 1
BJB 3093341 2 47 22
Bk6 130962851 0 0 1
BJ_ 16880760 0 2 0
Bk3 18538158 0 1 2
bj7 15662932 75 30 264
blv 23804571 70 22 84
bk0 32571356 0 1 1
Bkz 308126092 9 0 1
Bj4 16301916 1 4 1
BLS 25894218 386 71 908
bkw 7227302 51 101 1188
BJ1 8550992 0 5 4
BLP 28830352 6 6 28
bkt 260193337 0 5 1
BJX 27914845 1 78 101
blm 9257242 15 5 25
BJU 20066911 7 4 0
blj 11474092 78 35 165
BJR 9788912 0 22 1
bkn 9237532 1 46 42
BLG 734153 723 956 8866
bjo 14050784 418 375 972
bkk 14355780 14 134 0
bld 16045226 140 55 1006
BJL 102159364 198 103 615
bkh 14048432 0 6 0
bla 9086622 2 152 2
bji 18391436 1 7 1
BKE 1585751 103 20 391
bjf 2014061 96 45 854
bkb 13940132 8 39 78
Bk_ 25724799 47 30 224
bjc 1354761 2 2 7
===========================
BN4 39108357 0 2 4
bm8 306403497 0 2 0
BN1 7083822 0 479 355
bl9 40962661 0 5 0
bm5 20871058 9 1 0
Bnx 40544538 24 11 23
BL6 527938611 2 0 1
BM2 15624693 1 1 0
bnu 17626134 10 2280 17184
BMY 133344381 0 1 0
bl3 23510507 41 15 3
BNR 18020059 8739 26443 48472
BLZ 310283022 5 12 0
BMV 5364302 305 185 17
Bl0 62609004 5 6 2
BOK 9169942 133 240 4425
bno 14442574 21 90 35
bms 14444427 4 65 12
Boh 738103 369 686 3568
BNL 14472283 147 125 20
bmp 1404631 245 490 9060
Boe 6623762 10 31 42
bni 15613386 1 682 1
bmm 11912132 12 27 1
Bob 344 509 11565 1316
BMJ 11446532 24 21 774
bnf 965501 72 115 30
BMG 438551107 3 105 7
bnc 12296812 12 14 9
bmd 14521664 1523 1508 6719
bn8 18488661 10 21 1
bma 6176022 102 116 9928
bn5 186496863 25 5 12
bm9 135059018 86 168 1211
bn2 16151278 0 0 2
BM6 33853584 2 3 60
bl_ 8511692 40 25 1017
bny 26204795 133 440 8486
bl7 149494785 92 36 132
bm3 18160001 2 2 6
BNV 17216879 1 14 1
bmz 14468821 667 288 1263
bl4 17814087 2 2 3
bm0 18755894 102 28 190
bns 12654592 290 94 13
Bl1 18245343 1 3 8
BMW 1234941 4103 8480 19535
bol 10991042 0 109 1
bnp 279157541 2 2211 1250
bmt 14219441 33 37 73
boi 7333262 1 52 0
bnm 6497592 0 10 1
bmq 132010090 56 4 13
BoF 18392906 393 463416 5829
bnj 14598116 56 54 916
bmn 7596722 539 1808 14667
boc 8071332 209 201 1636
bng 38336718 20 16 37
bmk 12073782 816 874 9502
BMH 130569626 0 1 0
BND 373858372 0 1 0
bme 7077352 1802 1565 1226
bna 17173400 7 31 1
BN9 17308428 188 18219 23735
bn6 53499455 3 3 0
bm_ 8482542 975 1848 41951
bn3 15932246 82 18 44
bm7 18215822 16 6 48
Bn0 592950925 35 10 6
BNZ 610363197 0 0 0
BM4 19259217 5 0 0
bl8 18555643 116 122 597
BNW 16396953 11 98 70
BM1 15625830 1 1 0
bl5 38251943 1 2 47
bnt 14120812 0 61 2
bmx 10383552 0 617 0
BL2 56478543 0 11 0
bom 787025 60 183 40
bNq 28921582 250 55 45
BMU 17372257 103 257 258
Bly 4564221 3 3 4
boj 12948512 38 86 628
BNN 37276249 11 129 3
BMR 7083912 0 294 53
Bog 1408781 9 101 38
bnk 13860042 101 50 161
BMO 222249603 747 4192 3079
BoD 5927412 252 253 866
bnh 45240583 80 75 51
bml 272870189 0 4 0
BoA 760456770 0 0 3
bne 17198330 201 174 1718
bmi 14392252 8359 32342 8075
bnb 808414 992 1210 925
bmf 8710132 1177 8489 16147
bn_ 310576367 1 3 0
BMC 105278750 0 95 1
bn7 18508164 6 2 4
===========================
bqw 32805996 122 139 4657
bp1 7895312 1 4 3
Bo5 29615731 20 4 0
bqt 132431119 0 2 0
bpx 19387538 17 33 30
bo2 18290825 0 3 0
BQQ 30428053 0 5 1
BPU 25612741 89 84 11
boy 551275569 138 2524 163
bqn 27084576 20 2 1
bpr 10372252 1 0 1
bov 6133772 348 2989 6711
bqk 20517827 66 60 120
bpo 2601391 2 173 18
BOS 228739618 406 1268 870
bqh 35126324 0 2 1
bpl 14140509 4086 3717 8517
bop 7265342 0 0 1
Bra 25655764 19 143 0
bqe 18026623 0 8 0
BPi 14265769 1 19 1
bqb 15965860 0 3 0
bpf 18651643 2 4 0
bq_ 36903959 0 1 13
BPC 6850802 0 33 0
BQ7 34023175 3 2 0
bq4 47165220 0 1 1
bp8 592439096 2 0 0
BQ1 19996418 3 2 0
bo9 149293451 3 11 84
bp5 5459192 10 46 347
bqx 68403632 0 1 0
Bo6 291680070 0 0 0
bp2 14507455 2 4 3
BQU 22396411 0 0 0
Bo3 19308901 1 1 0
bqr 37806037 0 1 1
bo0 17116306 1 3 0
boz 755418 180 67 439
BPV 16613219 0 8 0
bqo 37804827 0 6 1
bow 200919610 28 145 626
bps 638853 169 96 1373
bql 29157303 27 14 58
BoT 25669527 17 118 13
BPP 57615473 393 2260 2091
bqi 35134869 0 2 1
bpm 187541621 100 238 262
BOQ 40781481 1158 1567 826
BRB 87972113 147 8620 5438
bqf 34648967 6 144 222
bpj 244183887 70 46 105
bon 5202 25 593 1913
bqc 30421475 0 5 1
BPG 15222543 1 15 0
BPD 5864162 24 146 37738
BQ8 49998458 2 1 2
bpa 132072762 1 6 0
bq5 21446784 20 31 2
bq2 17882730 0 2 0
bp6 186223190 0 2 1
bo_ 4317231 925 2056 7245
bqy 29128205 116 57 76
BP3 201131920 166 10142 928
bo7 12161962 2 90 22
bqv 705378438 3 1 1
bpz 1365351 327 410 1437
bo4 29124213 5 1 1
bp0 51100751 3 9 3
bqs 12908132 24 12 34
bpw 13111382 967 660 2283
Bo1 11813112 0 0 1
bqp 14593926 0 1 0
bpt 5489122 3 3 7
box 1564781 115 81 93
bqm 13838262 0 2 7
bou 5056261 0 26 1
bpq 25070033 65 9 0
bqj 29602123 1 20 1
BOR 28945635 105 3066 3270
BPN 19550028 0 16 0
bqg 35125799 0 1 1
Boo 732693 0 187 2
bpk 25840973 15 144 13
BQD 244200743 273 415 2549
bph 13736512 3890 3545 12765
bqa 16087444 201 149 1725
bpe 14415881 4 7 2
BQ9 203116683 162 37971 1608
bpb 2671591 145 125 845
BQ6 57827212 77 19 40
bp_ 16353922 125 94 777
bq3 31495908 201 146 1923
BP7 18127839 27 21 54
bq0 344511688 0 1 0
Bqz 134025396 5 4 18
bp4 15393335 33 27 560
bo8 14740026 2 0 5
===========================
btm 7737462 6 33 40
bru 39393 309 1835 5384
BSQ 14600768 5 6 2
btj 652433 295 333 2789
brr 14812991 8 12 3
bsn 13844652 39 123 3431
BTG 264260166 1 16 0
Bro 10758 97 223 180
BSK 6569052 346 1072 8559
btd 50232729 9 13 13
bsh 11888762 124 32 205
brl 14593647 52 14 14
bta 14059403 165 71 7667
bse 3046441 0 52 0
bri 982 3 551 3
bsb 14107662 1997 1609 13503
brf 12853062 0 45 1
bs_ 32356347 275 65 102
Brc 261709099 38 28 71
bS7 20865896 2 4 10
Bt0 20572220 39 23 3
btz 18344455 7 4 0
bs4 25899863 2 9 2
br8 27967339 11 4 0
btw 5217671 0 44 0
bs1 6151432 0 1 0
br5 22501640 23 0 0
btt 14770356 0 80 10
BSX 12166392 5 4 16142
br2 258281863 0 1 0
btq 24481135 0 3 0
bsu 11321492 0 36 0
BrY 13928602 231 200 2134
btn 72393 641 547 3145
bsr 5997 278 210 1658
brv 9699102 0 2 1
btk 2761721 5 12 0
bso 130987775 1 10 1
brs 842 491 958 6701
BTH 131485661 0 4 0
BRP 6108062 8 10 38
BSL 15062688 2 20 0
BTE 17876694 187 154 216
BRM 2358531 768 1288 5125
bsi 3002271 0 51 1
BTB 9346812 0 15 0
BRJ 26246479 23 6 10
bsf 14449204 0 37 0
brg 7616122 23 32 152
bsc 5588322 0 73 1
brd 9277312 3 10 23
bs8 32881780 14 8 34
bt1 14270529 208 248 1551
BS5 713847175 12 2 0
BR9 27287257 183 16 1
btx 17792236 0 7 1
bs2 14103775 2 7 3
BR6 31475820 2 65 1
btu 45295665 13 5 58
bsy 15305460 0 2 0
br3 15517603 166 220 46819
btr 6503272 542 813 480
BRZ 72643589 5 14 0
BSV 14312847 0 3 1
br0 11354862 33 37 176
bto 2273621 540 1869 5542
BRW 21157304 3141 11270 3391
bss 7949692 4 5 1
Btl 6453342 48 70 131
bsp 4299321 0 4 1
BRT 2981451 4 39 236
BTI 132227494 0 0 0
BsM 2284671 0 104 1
brq 15252311 54 27 59
btf 6695542 611 4433 18550
bsj 10950682 29 3 19
brn 172906586 0 5 0
BTC 2070851 39 27 524
BSG 800041 221 498 4686
brk 2783351 0 0 1
BRH 3963491 1 25 2
bsd 9171952 15 388 27
bre 11900 183 15047 8270
bsa 7481462 271 150 911
BS9 29333469 12 9 7
bs6 32883001 3 299 6
br_ 15920132 142 100 511
bty 14094032 539 6 0
bs3 6484772 170 67 1897
BR7 23923321 0 0 1
BTV 131064507 621 557 15
bs0 24145460 3 2 6
bsz 21571076 20 3 2
br4 18322384 2 1 241
BTS 2841931 105 338 1354
BSW 5025661 0 0 0
br1 8956652 713 308 1713
BTP 11324602 483 459 73
BRX 237425359 192 203 139
BST 114790800 198 307 528
===========================
bwm 14224817 61 14 1
BVQ 167224402 2 2 4
buu 6980652 1 48 5632
BWJ 132683237 24 0 7
BVN 14462592 26 25 2
BUR 2551491 0 503 10
bwg 14242661 0 7 1
BVK 14438126 0 5 2
buo 7945162 0 6 0
BwD 11115952 0 5 0
BUL 158538918 1 7 0
bvh 1672661 56 60 56
Bwa 24505025 3 9 4
bui 14104067 232 275 16164
bve 25848025 0 33 0
BVB 165699676 1 83957 1597
BV_ 33002618 12 27 3
buc 11935312 584 319 1454
bv7 14442598 0 2 0
bv4 62172380 31 1 7
bu8 40199264 0 3 0
bv1 6519702 1 5 1
Bu5 21603431 98 59 31
BT9 18410947 1 2 0
bvx 37179095 19 3 0
BU2 19101798 1 1 0
bt6 49426552 4 5 0
bwq 37472933 1 0 0
bvu 7765862 202 104 28
buy 75133014 17 205 44
bt3 16384567 3 2 1
bwn 14646689 0 107 0
bvr 15434231 11 19 0
buv 27843420 0 1 0
bwk 8514482 0 9 1
BvO 208688767 280 127 947
Bus 755124 3 4 5
BWH 14544762 31 2 0
bvl 16709592 0 15 0
BUP 26203182 1 1 0
bwe 26158515 161 40 2509
bvi 17518102 0 176 0
bum 10251302 2 78 8
bwb 795941 51 269 505
bvf 16615222 1 9 1
Buj 59459952 19 3 0
bvc 14107908 0 0 1
Bug 185042800 7 3 2
Bv8 37650390 3 0 44
bua 14291923 248 147 1527
bv5 34615827 6 2 2
bu9 160135478 1 2 1
BV2 35151167 6 25 7
bu6 33626109 0 0 0
BT_ 46020956 74 19 382
BvY 24409169 1 3 2
bt7 43463974 1 4 1
bvv 6648992 10 15 12
bu0 86303071 1 0 0
Buz 128959849 5 33 2
bt4 16504206 0 4 0
BWO 16727115 0 18 0
bvs 7419612 58 34 81
buw 13101492 0 4 0
bwl 3759651 85 108 670
BVP 14126843 250 118 1237
but 7551832 1 210 1
BWI 2591961 1 462 28
BVM 14847358 5 15 10
Buq 19941781 2 1 1
bwf 14068357 0 12 0
BUN 5314072 1096 1531 37713
bvj 1564531 67 51 129
bwc 7321952 357 1099 7725
buk 191302121 909 132 4444
bvg 14971509 0 8 0
buh 7922012 16 19 3
bvd 10505522 0 14 0
BVA 9794142 596 887 196
BUE 133905598 1 14 0
bv9 268333420 81 35 0
Bub 130204904 1 13 1
bv6 707338626 3 0 0
BU_ 31705205 26 19 80
BV3 26797267 0 6 0
bu7 30755854 19 4 0
bV0 105682921 0 0 1
bvz 6414022 3 11 2
BT8 100083876 0 0 0
Bu4 14422100 4 4 4
bvw 17897622 6 5 5
BT5 21450274 1 4 0
bu1 20967180 0 0 0
BWP 9663382 2 14 1
BVT 189127093 0 3 0
BT2 15824748 37 41 104
Bux 79778416 850 218 48
===========================
by9 389599684 7 2 6
BxB 8901122 61 18 14
by6 145174665 153 107 567
BX_ 58756959 239 1 0
BY3 12719072 57 28 35
bx7 31111815 20 1 0
by0 18203055 1621 1291 1101
byz 15656192 0 5 3
Bw8 15363716 10 2 7
BX4 46637649 2 1 0
byw 16280877 1 14 732
Bw5 21543888 1 0 0
Bx1 20808214 5 10 3
BYT 16712473 2384 15034 19677
bw2 14799058 0 6 1
bxx 82433114 0 0 0
ByQ 12436932 0 0 0
BWY 25986880 0 0 1
BXu 420095850 13 2 0
Byn 15583441 961 616 4501
bwv 18328031 0 2 0
bxr 296177290 69 66 4477
Byk 15729710 1 7 0
Bxo 15025349 0 0 0
BWS 12392142 1 32 0
bzd 15089596 0 1 0
byh 15814938 114 42 1
bxl 14341764 1 1 1
bza 3416041 27 27 3
bye 9372122 0 0 0
bxi 29450525 2 1 11
BYB 33563397 20 9 0
BXF 25131114 59 3 31
by_ 266820591 0 1 0
bxc 11648752 656 137 277
By7 44028259 0 1 0
By4 18094389 0 0 2
Bx8 94381462 34 3 203
By1 14072959 0 0 1
bx5 19286279 37 17 161
bw9 2485271 25 14 20
byx 600312049 1 0 2
bw6 33730219 2 4 0
Bx2 15931878 8 6 0
BYU 17600950 189 5451 1514
bxy 9850672 0 2 1
Bw3 15009379 1 12 0
byr 14544201 0 4 1
bxv 244990266 0 0 0
bw0 49543170 25 17 0
bwz 22069439 1 8 1
BYO 91823768 11 6 23
bww 193425363 516 44 58
bxs 16213125 24 13 9
byl 12249782 0 3 0
bwt 14278797 4 14 3
bxp 19143121 0 3 0
bze 12473992 168 262 13939
Byi 261854328 53 57 194
BxM 20378515 1 3 0
BZB 5515452 1100 1577 32040
byf 19235413 59 1 1
bxj 17673381 0 3 0
byc 10229162 37 59 537
bxg 15395237 27 0 41
bxd 14787603 9 26 211
by8 50769071 0 1 2
BxA 216450302 8 0 1
BY5 20969337 0 1 2
bx9 16908268 4 11 1
By2 15149391 183 16 502
Bx6 63960252 3 3 0
bw_ 26150351 3 1 0
Byy 21072958 3 6 1
BX3 80707583 65 98 406
BW7 20001237 24 37 36
byv 32398728 432 118 739
bx0 58493636 39 57 171
bxz 385802899 0 0 0
BW4 15626797 2 1 3
BYS 8720592 1 5 0
bxw 132430403 0 0 0
bw1 14688681 6 11 1
byp 16775766 892 1687 463
bxt 290596871 108 281 157
BWX 26700896 0 7 0
ByM 10029062 420 337 2352
bxq 306121654 137 1 3
bwu 15198070 6 9 6
bzf 15634103 2 2 45
byj 25245028 6 19 63
bxn 12606462 79 4 10
bwr 574426991 101 0 3
BZC 17514012 1 3 6
byG 17623508 1 19 19
bxk 25744330 3 0 2
byd 24789345 53 8 20
bxh 460297209 55 0 2
bya 14369687 0 42 1
bxe 30516264 1261 146 0
===========================
b1n 20352555 23 176 2114
bzm 14686889 14 25 123
B0R 629244626 1 2 1
b1k 16007399 0 17 0
bzj 26704507 23 14 50
B0O 15409061 189 1249 10266
B1h 159279358 0 0 0
BZG 250566056 0 0 0
B0L 143008415 1 1 0
b1e 49611241 86 46 196
b0i 44319461 29 12 9
b1b 191525752 1 2 5
b0f 80243765 6 5 6
b0c 132469174 3 4 18
bz9 23496080 2 2 1
bz6 47073539 0 0 0
b14 16740389 0 4 20
B08 315774795 0 1 0
BZ3 268368133 5 0 4
B11 7979932 51 14 4
b05 44032879 0 4 6
bzz 15821834 39 9 277
B1X 20966811 11 12 3
b02 20061997 135 37 375
BZW 15588386 3 12 1
b1u 47713073 0 2 1
bzt 15305471 0 5 0
b0y 15242102 0 3 1
b1r 31456278 12 3 69
B0V 611150899 71 12 2
bzq 30493024 0 2 0
b1o 43883012 8 7 86
bzn 22610434 0 5 0
b0s 114371959 8 2 7
b1L 67633828 0 0 0
bzk 21284022 27 50 516
b0p 29271737 8 10 7
b1I 50624586 10 6 6
b0m 50638998 0 1 0
b1f 83901004 1 6 0
b0j 28422077 0 2 6
b1c 325723343 11 14 55
b0g 22255400 0 88 1010
BZ_ 28302579 21 4 5
b0d 21216028 0 1 0
b0a 39246981 6 6 4
BZ7 747423426 3 0 0
b15 3725481 0 0 0
b09 23111128 20 3 1
BZ4 43065196 4 5 4
B12 15567400 0 42 3
b06 32985409 1 2 0
BZ1 15879402 1 10 1
b1y 101962754 0 0 1
b03 24809864 1 6 0
BZX 15073308 0 1 0
b1v 136867531 12 126 7
b00 336401846 6 0 22
bzu 18213699 170 185 4049
b0z 19452289 152 114 1357
b1s 24999540 507 172 812
BZR 185100737 111 93 80
B0W 61103634 20 3 0
B1P 45464736 60 18 284
bzo 797231 101 585 4101
B0T 15414653 0 3 0
b1m 26739660 3 5 0
bzl 131341426 0 5 0
b0q 135506797 0 0 0
b1j 17549472 6 211 7
b0n 14883604 780 163 854
bzi 17001608 0 3 3
B1G 16135658 19 11 39
b0k 15903089 51 14 128
b1d 44321687 0 6 52
B0H 18450085 4 1 1
b1a 31228073 1 10 6
b0e 36108644 20 2 2
b0b 877081 257 359 388
BZ8 86951281 47 1 12
b0_ 74358599 1 0 0
BZ5 110593193 14 5 1
b13 7829852 0 25 1
b07 318302754 10 2 1
bz2 5665742 27 40 262
B10 14349650 0 7 1
b1z 339803178 3 4 2
B04 27587894 0 3 1
bzy 15500764 8 7 1
b1w 24011713 0 1 0
B01 14760761 75 397 732
bzv 14153424 10 41 12
B1T 42701867 93 17 3
bzs 131516877 0 4 0
B0X 25004885 0 3 1
b1q 151747444 0 1 13
bzp 427621687 1 0 0
b0u 35067001 2 5 1
===========================
b2e 133778694 0 0 1
B3A 17744122 0 6 0
B39 22256292 14 8 2
B2B 2592821 0 84 1
B36 26561077 6 69 137
b2_ 15790803 9 10 190
b33 14835638 4 7 7
B27 20043200 1 0 3
B30 19389504 2 2 26
B3Z 21768856 11 12 9
B24 18993811 12 14 14
B4S 35271000 20 4 1
b3w 40420667 4 0 1
B21 18947745 21 14 136
b4p 23079639 55 15 237
b3t 23408018 20 7 0
B2X 20161072 2 1 2
B4M 14826408 0 30 1
b3q 82006918 1 0 0
b2u 26087032 0 0 1
b4j 22351480 63 5 1
b2r 25565195 222 71 1051
B3N 3287841 57 948 154
B4G 19044607 1 1 0
B2o 103390329 1 254 0
B3K 24310448 1 4 0
b4d 21151506 0 5 12
B3H 88228370 0 4 0
b2l 391412548 62 8 63
b4a 21131268 19 13 7
b3e 32648131 146 97 63
B18 15245395 30 13 13
B2i 15515418 10 22 10
b3b 16440349 606 782 21027
B2F 110980437 73 32 126
B3_ 165727494 108 108 13420
b2c 14319104 3 27 11
b37 20767133 1 4 2
B34 24906677 0 1 4
B28 14782620 3 1 0
b31 21357206 1 4 0
B25 19554678 0 1 5
b4t 30646914 0 3 0
B3X 13795012 126 58 1172
b22 342142020 2 0 1
B4Q 59957014 27 8 1
b3u 38626110 74 48 0
B2Y 23989337 16 10 7
B4N 14403077 2 4 1
B3R 242511062 390 263 3019
b2v 17446743 0 1 0
b4k 5218411 0 3 0
b2s 14575570 16 10 46
b3o 30996520 1 4 2
b4h 39794720 3 4 0
B2P 25883343 510 525 582
b3l 132300152 1 3 0
b4e 11716372 1 1 1
b2m 14974419 0 2 0
b3i 68181892 0 0 0
b4b 17465875 22 7 10
b2j 6423122 0 0 3
B3f 21318151 20 11 5
B19 18025722 0 2 2
b2g 18587066 21 16 22
b3c 18095785 12 8 5
B16 16978120 0 2 2
b2d 21504622 62 88 3321
B38 26350850 6 2 1
B35 20258225 0 1 1
B29 20263324 1 6 1
b32 5976962 245 91 2770
b26 7961022 0 4 1
b4u 1282171 293 338 463
b3y 58715837 0 0 1
b23 13646282 4 11 4
b4r 45291825 211 119 2939
b3v 21647922 139 65 583
B2Z 28303446 0 1 2
B20 18883143 0 6 0
b4o 51395136 5 2 2
B3S 14679920 0 2 1
b2w 17496199 0 49 0
B4L 18511423 14 43 6
B3P 32599114 0 2 1
B2T 18562639 2 5 5
b4i 275487276 0 0 0
b3m 268289636 1 0 0
b2q 15325519 0 0 1
b4f 85361798 0 13 1
b3j 97266021 20 1 0
b2n 19569105 1 4 0
b4c 35131806 16 3 24
b3g 54090524 1 10 9
b2k 6147632 0 120 3
B1_ 69883295 20 9 1
b17 16112025 0 10 0
B2H 369490125 0 1 0
b3d 16490585 5 23 0
===========================
