aah 10049632 20 44 2
abd 8854462 2 46 0
AAE 9105272 2 1 4859
ABA 398991185 97 434 48
ab9 12935042 54 120 2285
aab 8166742 0 40 1
ab6 8760642 1 1 0
Aa_ 15942692 7 23 2
acy 6413862 925 1084 79302
AB3 17034098 0 3 2
AA7 28902247 2 3 0
acv 293317780 35 53 69
ab0 15835001 14 58 21
abz 6996682 0 40 0
aa4 25560249 0 1 0
acs 2501061 0 140 0
abw 10671942 5 11 5
Aa1 6615322 0 9 1
acp 10219552 850 170 2921
aax 14933128 153 197 4325
abt 702413 28 83 88
ACM 1914321 2 46 1
aau 249465175 0 19 0
ABQ 2553801 0 1089 21
ACJ 5050911 495 145 1057
aar 183532966 10 19 6
abn 280012062 0 34 0
acg 6071532 185 182 373
AAO 131387833 5 20 3
abk 4858681 998 1544 65184
acd 772884 314 159 2784
abh 14469582 60 45 6
aal 5562052 3 65 3
aca 7603322 0 122 0
abe 417406348 8 172 25
aai 11326202 188 680 5700
abb 4518221 158 110 621
AAF 108416848 2004 2340 2433
ab_ 23768657 147 128 118
aac 50099694 380 895 6331
ab7 17492936 81 36 380
acz 7005612 87 100 350
ab4 16020074 13 5 7
aa8 24961587 56 12 172
ACW 1878841 3 2 11
Ab1 6668192 0 12 0
aa5 25206387 1 3 1
ACT 18092584 0 2 4
ABx 14079838 14 7 37
AA2 14568038 254 26 84
ACQ 365215233 0 4 0
Abu 308795950 0 164 54
aay 15305389 0 20 0
acn 271404792 0 112 0
abr 131428902 0 16 1
aav 12020912 69 163 185
ack 2756291 406 489 737
AAS 3328631 258 9951 9532
abo 7993632 21 1 4
ACH 25576043 3 35 15
aap 104098039 20 39 0
AbL 482877782 130 18 6
ace 68183 112 373 127
aam 8394542 0 92 2
Abi 350173 0 0 0
acb 1669901 0 0 0
AAJ 14076339 120 199 92
abf 2492681 17 87 17
aag 23975668 3 34 3
ABC 28785486 600 1840769 50095
AAD 1163701 82 57 108
Ab8 135366203 2 4 2
aaa 2999191 206 1432 2097
Ab5 17794697 0 1 1
aa9 26314231 9 3 4
acx 14212455 3 12 8
ab2 15594350 149 52 153
AA6 20130565 0 2 22
ACU 7233602 110 133 514
aby 16067166 9793 9724 1694
aa3 14641860 2 16 5
acr 5991 4 66 122
abv 25568519 19 19 3
aaz 8435942 0 12 2
ACO 142348530 167 506 2374
abs 13074702 188 437 593
Aaw 14524150 0 14 2
ACL 29061870 273 1180 5755
abp 21601337 143 67 115
aat 13300802 6 28 1
aci 2233731 60 101 474
abm 8396312 476 364 3231
aaq 15305382 1 9 1
acf 25594363 6 400 5000
ABJ 41919439 28 24 1
AAN 108424611 1898 2242 2168
abg 16945720 225 324 4549
aak 14477500 0 22 3
